        22          1          4         20         41          0          2         29          1          3          2          0          3          0 
        31          1          1         29         46          1          2         30          0          2          3          0          6          0 
        31          1          1         29         46          1          2         30          0          2          3          0          6          0 
        33          1          4         32         57          0          2         21          1          1          2          3          3          2 
        33          1          4         24         45          0          2         25          1          2          2          2          7          1 
        18          1          3         26         50          0          0         37          0          3          3          0          3          0 
        20          0          2         26         40          0          2         34          0          1          1          0          3          0 
        28          1          2         24         47          0          0         35          0          0          1          0          3          0 
        31          0          4         28         53          0          2         32          0          3          3          2          3          3 
        28          0          4         24         70          0          0         32          1          0          1          0          3          0 
        31          1          4         26         50          0          2         29          0          1          2          1          7          2 
        26          1          4         28         40          1          2         31          1          3          3          0          7          1 
        28          1          4         28         38          0          0         29          0          0          2          0          6          0 
        28          0          2         28         58          0          2         30          0          1          2          0          3          0 
        28          1          3         26         51          1          2         28          1          0          2          1          6          2 
        22          1          2         24         52          0          0         34          0          0          1          0          7          0 
        26          1          3         34         39          1          0         32          0          0          1          0          7          0 
        28          1          3         30         33          0          0         34          0          1          1          0          3          0 
        24          1          2         22         45          0          0         33          0          1          3          0          7          1 
        27          1          4         28         47          0          0         32          0          1          1          0          3          0 
        24          0          3         26         55          0          0         27          0          0          1          0          3          0 
        24          1          2         26         53          0          0         34          0          0          1          0          3          0 
        32          1          1         22         42          0          2         28          1          1          2          0          3          0 
        29          0          1         30         56          1          2         32          0          1          1          0          3          0 
        29          1          2         24         56          0          2         32          0          1          2          0          3          1 
        29          1          3         26         44          0          2         34          0          3          1          2          7          3 
        30          1          4         26         41          0          2         26          1          2          2          2          7          4 
        25          0          3         24         43          0          0         31          0          1          2          0          3          0 
        29          0          3         24         68          0          0         34          0          0          1          0          3          0 
        33          0          1         30         45          0          0         22          0          2          3          0          3          0 
        21          1          4         30         49          0          0         34          0          1          1          0          3          0 
        20          1          4         22         33          0          2         22          1          2          2          0          7          3 
        34          0          1         28         47          0          0         30          0          1          1          2          3          0 
        30          1          4         23         46          1          0         32          1          1          1          2          7          2 
        32          1          3         28         67          0          0         31          0          0          1          0          3          1 
        29          1          4         27         46          0          0         32          0          0          2          0          7          0 
        22          1          3         26         46          0          0         35          1          0          1          0          3          0 
        21          1          4         28         45          0          0         35          0          0          1          0          3          0 
        21          1          4         24         35          0          2         24          1          2          2          0          7          3 
        28          1          4         30         55          0          2         22          1          0          2          1          6          1 
        27          1          4         26         70          0          0         26          1          1          2          1          7          3 
        30          1          3         30         48          1          0         27          1          1          2          0          3          0 
        32          0          4         30         45          0          2         22          0          1          2          3          7          4 
        20          1          1         28         39          0          0         35          1          1          1          0          7          0 
        35          0          2         32         60          0          0         32          0          0          1          2          3          0 
        29          1          3         30         42          1          0         31          0          1          1          0          3          0 
        30          0          4         26         66          0          2         33          0          0          1          0          3          1 
        29          1          3         22         46          0          2         33          0          2          2          1          7          4 
        25          1          3         22         35          0          0         24          0          0          1          0          3          0 
        25          1          4         30         48          0          2         25          0          2          2          0          7          4 
        32          0          3         28         83          1          2         31          0          0          1          1          3          0 
        26          1          3         26         39          1          2         30          0          1          3          0          3          0 
        20          0          2         21         39          0          0         33          0          0          1          1          3          0 
        32          1          4         24         35          0          0         28          0          0          1          0          7          0 
        22          1          4         22         58          0          2         30          0          0          1          1          3          2 
        22          1          2         26         43          0          2         37          0          0          1          0          3          0 
        30          1          4         26         50          0          0         28          1          1          1          1          7          1 
        27          1          4         24         53          0          2         21          1          2          2          1          7          1 
        25          1          3         28         46          0          0         32          0          0          2          1          7          1 
        20          1          4         22         34          0          2         31          0          0          1          0          7          1 
        27          1          3         25         54          0          2         30          0          0          3          1          3          0 
        25          1          1         25         42          0          2         25          1          1          1          1          3          0 
        25          0          4         26         61          0          0         28          1          1          2          0          7          2 
        23          0          3         28         35          0          2         32          1          1          3          0          3          0 
        29          1          4         25         43          0          2         26          1          2          2          3          7          1 
        27          0          3         27         60          1          0         34          0          0          1          0          3          0 
        27          1          4         24         37          0          0         22          0          1          2          1          7          2 
        30          1          4         29         56          0          2         28          1          2          2          2          7          2 
        30          1          3         28         37          0          2         31          0          3          2          0          3          1 
        27          1          3         30         46          0          2         33          0          1          1          0          7          0 
        29          1          4         34         65          0          2         28          1          3          3          0          7          2 
        23          1          3         30         46          0          0         29          0          3          2          0          3          1 
        32          0          3         31         53          0          0         29          0          0          1          0          3          0 
        33          1          4         25         50          1          0         32          0          0          2          2          7          3 
        31          1          4         24         53          0          0         19          1          1          2          2          7          1 
        32          1          4         22         49          0          2         31          0          0          1          2          6          1 
        22          1          4         22         39          0          2         35          0          0          1          1          3          1 
        32          0          3         32         72          0          2         30          0          0          1          0          3          0 
        30          1          4         25         51          0          2         28          1          2          2          1          7          1 
        25          0          3         28         61          0          2         28          0          1          1          1          3          0 
        24          1          2         26         49          0          2         36          0          0          2          0          3          0 
        29          1          4         30         54          0          2         22          1          0          1          0          7          3 
        33          1          4         32         57          0          2         21          1          1          2          3          3          2 
        33          1          4         24         45          0          2         25          1          2          2          2          7          1 
        18          1          3         26         50          0          0         37          0          3          3          0          3          0 
        20          0          2         26         40          0          2         34          0          1          1          0          3          0 
        28          1          2         24         47          0          0         35          0          0          1          0          3          0 
        31          0          4         28         53          0          2         32          0          3          3          2          3          3 
        28          0          4         24         70          0          0         32          1          0          1          0          3          0 
        31          1          4         26         50          0          2         29          0          1          2          1          7          2 
        26          1          4         28         40          1          2         31          1          3          3          0          7          1 
        28          1          4         28         38          0          0         29          0          0          2          0          6          0 
        28          0          2         28         58          0          2         30          0          1          2          0          3          0 
        28          1          3         26         51          1          2         28          1          0          2          1          6          2 
        22          1          2         24         52          0          0         34          0          0          1          0          7          0 
        26          1          3         34         39          1          0         32          0          0          1          0          7          0 
        28          1          3         30         33          0          0         34          0          1          1          0          3          0 
        24          1          2         22         45          0          0         33          0          1          3          0          7          1 
        27          1          4         28         47          0          0         32          0          1          1          0          3          0 
        24          0          3         26         55          0          0         27          0          0          1          0          3          0 
        24          1          2         26         53          0          0         34          0          0          1          0          3          0 
        32          1          1         22         42          0          2         28          1          1          2          0          3          0 
        29          0          1         30         56          1          2         32          0          1          1          0          3          0 
        29          1          2         24         56          0          2         32          0          1          2          0          3          1 
        29          1          3         26         44          0          2         34          0          3          1          2          7          3 
        30          1          4         26         41          0          2         26          1          2          2          2          7          4 
        25          0          3         24         43          0          0         31          0          1          2          0          3          0 
        29          0          3         24         68          0          0         34          0          0          1          0          3          0 
        33          0          1         30         45          0          0         22          0          2          3          0          3          0 
        21          1          4         30         49          0          0         34          0          1          1          0          3          0 
        20          1          4         22         33          0          2         22          1          2          2          0          7          3 
        34          0          1         28         47          0          0         30          0          1          1          2          3          0 
        30          1          4         23         46          1          0         32          1          1          1          2          7          2 
        32          1          3         28         67          0          0         31          0          0          1          0          3          1 
        29          1          4         27         46          0          0         32          0          0          2          0          7          0 
        22          1          3         26         46          0          0         35          1          0          1          0          3          0 
        21          1          4         28         45          0          0         35          0          0          1          0          3          0 
        21          1          4         24         35          0          2         24          1          2          2          0          7          3 
        28          1          4         30         55          0          2         22          1          0          2          1          6          1 
        27          1          4         26         70          0          0         26          1          1          2          1          7          3 
        30          1          3         30         48          1          0         27          1          1          2          0          3          0 
        32          0          4         30         45          0          2         22          0          1          2          3          7          4 
        20          1          1         28         39          0          0         35          1          1          1          0          7          0 
        35          0          2         32         60          0          0         32          0          0          1          2          3          0 
        29          1          3         30         42          1          0         31          0          1          1          0          3          0 
        30          0          4         26         66          0          2         33          0          0          1          0          3          1 
        29          1          3         22         46          0          2         33          0          2          2          1          7          4 
        25          1          3         22         35          0          0         24          0          0          1          0          3          0 
        25          1          4         30         48          0          2         25          0          2          2          0          7          4 
        32          0          3         28         83          1          2         31          0          0          1          1          3          0 
        26          1          3         26         39          1          2         30          0          1          3          0          3          0 
        20          0          2         21         39          0          0         33          0          0          1          1          3          0 
        32          1          4         24         35          0          0         28          0          0          1          0          7          0 
        22          1          4         22         58          0          2         30          0          0          1          1          3          2 
        22          1          2         26         43          0          2         37          0          0          1          0          3          0 
        30          1          4         26         50          0          0         28          1          1          1          1          7          1 
        27          1          4         24         53          0          2         21          1          2          2          1          7          1 
        25          1          3         28         46          0          0         32          0          0          2          1          7          1 
        20          1          4         22         34          0          2         31          0          0          1          0          7          1 
        27          1          3         25         54          0          2         30          0          0          3          1          3          0 
        25          1          1         25         42          0          2         25          1          1          1          1          3          0 
        25          0          4         26         61          0          0         28          1          1          2          0          7          2 
        23          0          3         28         35          0          2         32          1          1          3          0          3          0 
        29          1          4         25         43          0          2         26          1          2          2          3          7          1 
        27          0          3         27         60          1          0         34          0          0          1          0          3          0 
        27          1          4         24         37          0          0         22          0          1          2          1          7          2 
        30          1          4         29         56          0          2         28          1          2          2          2          7          2 
        30          1          3         28         37          0          2         31          0          3          2          0          3          1 
        27          1          3         30         46          0          2         33          0          1          1          0          7          0 
        29          1          4         34         65          0          2         28          1          3          3          0          7          2 
        23          1          3         30         46          0          0         29          0          3          2          0          3          1 
        32          0          3         31         53          0          0         29          0          0          1          0          3          0 
        33          1          4         25         50          1          0         32          0          0          2          2          7          3 
        31          1          4         24         53          0          0         19          1          1          2          2          7          1 
        32          1          4         22         49          0          2         31          0          0          1          2          6          1 
        22          1          4         22         39          0          2         35          0          0          1          1          3          1 
        32          0          3         32         72          0          2         30          0          0          1          0          3          0 
        30          1          4         25         51          0          2         28          1          2          2          1          7          1 
        25          0          3         28         61          0          2         28          0          1          1          1          3          0 
        24          1          2         26         49          0          2         36          0          0          2          0          3          0 
        29          1          4         30         54          0          2         22          1          0          1          0          7          3 
        26          0          4         26         52          0          2         28          0          0          2          0          3          0 
        19          1          3         28         64          0          2         36          0          0          1          0          3          0 
        34          1          3         36         54          1          2         30          1          1          2          0          7          3 
        26          1          2         24         65          0          0         34          0          0          1          0          3          0 
        22          1          3         28         47          0          2         36          0          0          1          0          3          0 
        23          1          3         27         51          0          2         31          0          0          1          0          3          0 
        26          0          3         25         43          0          2         23          0          0          1          0          0          0 
        26          0          4         27         46          0          2         32          0          0          1          0          3          0 
        25          0          3         26         51          0          2         29          0          0          1          0          3          0 
        33          1          4         24         60          0          2         30          0          0          2          0          3          0 
        31          0          4         32         32          0          2         29          0          6          3          3          7          3 
        31          1          3         26         46          0          0         29          0          1          2          3          7          0 
        22          0          3         21         28          0          0         35          0          0          2          0          3          0 
        31          0          3         27         50          0          2         34          0          0          1          0          3          0 
        26          1          4         25         51          0          0         32          1          0          1          1          7          1 
        29          1          4         22         47          0          2         28          1          1          2          1          7          2 
        30          0          4         30         51          0          2         31          0          2          2          2          7          3 
        26          1          2         26         40          0          0         31          0          0          1          1          3          0 
        24          1          4         24         44          0          2         37          0          0          1          0          3          0 
        22          1          4         23         52          0          2         37          0          0          1          0          3          0 
        17          1          1         23         36          0          2         34          0          0          1          0          3          0 
        28          0          4         25         60          0          2         31          0          0          1          1          3          0 
        35          0          3         22         53          1          2         26          0          0          1          1          3          0 
        24          1          3         24         37          0          0         27          0          2          2          3          7          3 
        27          1          2         21         61          0          0         31          0          0          1          0          7          0 
        29          1          4         28         35          0          0         32          1          0          1          1          7          2 
        28          1          3         25         45          0          2         30          0          0          2          1          7          1 
        30          1          4         24         52          0          0         28          1          3          2          1          7          2 
        19          1          4         23         43          0          0         28          0          1          2          0          7          3 
        30          0          4         29         61          0          2         29          1          1          2          0          7          1 
        28          1          4         25         49          1          2         28          1          1          2          1          3          1 
        26          1          1         23         37          0          2         38          0          0          2          0          6          0 
        21          0          4         26         68          1          2         27          1          3          2          0          7          2 
        31          0          3         26         52          0          0         19          0          1          2          1          7          2 
        20          1          2         27         40          0          0         26          0          0          2          0          6          0 
        29          1          3         28         42          1          2         33          0          0          1          0          3          0 
        17          0          4         27         36          0          0         36          0          1          1          0          3          0 
        31          1          4         26         66          1          2         26          1          1          1          3          7          3 
        32          1          4         27         50          0          2         25          0          2          2          1          7          2 
        24          1          4         26         51          1          2         30          1          0          1          2          7          3 
        31          0          4         30         81          0          2         30          0          4          2          3          7          4 
        25          1          3         20         44          0          0         28          1          1          2          0          3          0 
        27          1          4         28         43          0          0         22          1          5          3          0          7          3 
        32          1          1         27         56          1          2         34          0          1          2          1          3          1 
        22          0          2         26         46          0          2         35          0          0          2          0          3          0 
        28          0          4         40         57          1          2         26          1          4          3          2          7          3 
        27          1          4         22         47          0          0         25          1          2          2          1          7          3 
        22          1          2         24         44          0          0         34          0          0          1          0          3          0 
        31          0          4         24         41          0          0         32          0          0          1          0          3          0 
        27          1          3         24         51          0          2         29          0          0          2          0          7          0 
        25          1          3         18         45          0          0         30          1          0          1          1          7          0 
        14          1          2         26         40          0          2         40          0          0          1          0          3          0 
        25          1          4         28         52          0          2         37          1          0          1          0          3          0 
        21          0          3         24         42          0          0         33          0          0          2          0          3          0 
        27          0          2         27         50          0          2         32          0          1          2          0          3          0 
        35          1          4         29         34          0          0         25          1          2          3          0          7          4 
        31          1          2         24         56          0          2         20          0          1          2          1          7          3 
        17          1          4         24         39          0          0         26          1          1          2          0          7          1 
        25          1          3         25         49          1          2         33          0          2          2          0          3          0 
        29          1          2         28         44          0          0         32          1          0          1          0          3          0 
        29          1          1         34         57          0          2         31          0          0          2          0          7          1 
        26          1          2         25         41          1          0         36          0          0          1          0          3          0 
        32          1          3         25         61          0          0         26          1          1          2          0          7          1 
        29          1          3         21         48          0          2         30          1          0          2          0          7          0 
        23          1          3         21         48          0          0         30          0          0          1          0          3          1 
        28          1          4         33         57          1          2         24          0          1          2          3          7          4 
        20          1          3         22         50          0          0         35          0          0          1          0          3          0 
        22          1          2         25         61          0          2         34          0          0          1          0          3          0 
        30          0          3         20         63          0          0         32          0          0          1          1          3          0 
        26          1          1         30         59          1          0         35          0          1          2          0          7          0 
        21          0          4         20         53          0          2         24          0          0          2          0          3          0 
        33          0          3         23        112          0          2         32          0          1          2          0          7          0 
        27          1          4         32         57          0          2         29          1          0          2          1          7          4 
        32          1          4         24         49          0          2         19          1          2          3          1          3          3 
        35          1          4         26         64          0          2         21          0          2          2          3          3          1 
        25          1          4         28         59          0          0         34          1          1          1          0          7          1 
        29          1          4         25         60          0          2         34          0          0          1          2          7          1 
        30          1          4         28         58          0          2         34          0          1          2          2          7          2 
        34          1          3         23         55          0          0         30          0          1          1          1          7          0 
        23          1          2         20         39          1          0         31          0          0          1          0          7          0 
        38          1          4         25         60          0          2         32          1          0          1          3          3          4 
        27          0          3         22         42          0          0         31          0          1          2          0          3          0 
        29          0          4         20         49          0          2         24          0          1          2          0          3          0 
        24          1          3         24         51          1          0         35          0          0          1          2          3          0 
        28          1          4         26         41          0          0         33          1          0          1          0          7          0 
        26          1          3         27         44          0          0         33          0          0          1          0          3          0 
        27          0          2         26         57          1          2         31          1          0          1          1          3          0 
        17          1          4         25         56          0          2         31          1          0          1          0          7          1 
        22          0          2         22         32          0          0         27          0          0          2          0          3          0 
        35          1          3         32         53          0          0         22          1          2          2          1          7          3 
        26          1          4         28         45          0          2         22          1          0          1          0          7          0 
        29          0          4         34         49          0          0         28          1          0          2          0          3          1 
        31          0          4         28         78          0          2         31          0          1          2          0          3          0 
        32          1          4         29         42          0          2         26          0          2          2          2          6          4 
        28          1          4         30         54          0          0         17          1          1          2          1          7          1 
        26          1          4         21         46          1          0         29          0          0          1          3          7          0 
        28          1          4         26         36          0          2         21          1          2          2          1          6          1 
        21          1          3         26         63          0          0         32          0          1          1          1          3          0 
        26          1          3         26         49          1          2         34          0          0          1          3          3          0 
        24          1          4         24         54          0          2         33          0          0          2          0          7          3 
        28          0          4         26         81          0          2         30          1          1          2          2          7          2 
        21          1          1         29         48          0          2         35          0          0          1          2          3          0 
        29          1          1         35         54          0          2         29          0          4          3          0          7          0 
        30          0          4         31         61          0          2         32          0          0          1          0          3          1 
        31          0          2         28         39          0          0         35          0          0          1          2          3          0 
        21          1          3         24         48          1          0         38          0          0          3          0          7          0 
        33          1          2         32         49          0          0         24          1          0          2          3          6          2 
        27          1          2         38         56          0          2         39          0          0          1          1          7          1 
        34          1          3         28         50          0          2         29          0          2          2          3          7          2 
        25          1          3         25         39          0          0         32          0          0          1          0          3          0 
        25          1          4         28         59          0          0         24          1          4          2          3          7          3 
        21          1          4         26         49          1          2         28          1          0          2          0          7          1 
        31          0          4         27         58          1          0         21          0          1          2          3          3          2 
        34          0          3         24         42          0          2         23          0          1          2          0          3          0 
        33          1          4         20         59          0          2         25          1          0          2          2          3          3 
        34          1          1         32         46          1          2         26          0          0          2          1          3          0 
        22          0          4         27         47          0          2         30          1          0          2          0          3          0 
        25          0          2         24         48          0          0         32          0          1          1          0          3          0 
        29          1          1         32         54          0          2         25          0          0          1          0          3          1 
        25          0          4         22         50          0          2         31          0          0          1          0          3          0 
        32          0          4         36         65          0          0         30          1          0          1          0          3          0 
        28          1          3         30         25          1          0         34          0          0          1          1          7          0 
        32          0          3         28         62          0          0         26          0          0          1          0          7          0 
        21          1          4         22         42          0          0         32          0          0          1          0          7          0 
        22          1          4         28         61          0          2         29          1          0          2          3          7          3 
        29          1          4         25         51          0          2         26          1          3          2          2          7          3 
        25          1          4         28         40          0          2         25          1          0          2          0          7          3 
        27          1          2         26         52          0          0         31          0          0          1          0          3          0 
        31          0          4         30         48          0          0         30          1          1          2          0          3          1 
        18          0          3         24         43          0          0         34          0          0          1          0          3          0 
        19          1          1         24         46          0          0         36          1          3          2          0          7          4 
        20          1          3         26         42          0          2         33          0          2          2          0          3          0 
        33          0          4         35         45          1          0         33          1          1          2          2          7          3 
        26          1          4         22         46          0          0         32          0          0          1          1          3          1 
        28          1          1         24         38          0          2         32          0          1          2          0          7          0 
        23          0          2         21         40          0          0         34          0          0          1          0          3          0 
        23          0          4         27         48          0          2         30          1          0          2          0          3          0 
        32          0          4         26         60          0          0         24          0          2          2          2          3          0 
